4294967279,100
4294967279,99
4294967279,98
4294967279,97
4294967279,96
4294967279,111
4294967279,110
4294967279,109
4294967279,108
4294967279,107
4294967279,106
4294967279,105
4294967279,104
4294967279,103
4294967279,102
4294967279,101
4294967294,2
4294967279,312
4294967278,308
4294967279,311
4294967279,310
4294967278,164
4294967278,163
4294967278,306
4294967278,162
4294967278,160
4294967278,157
20,6
4294967278,159
20,5
20,4
4294967278,158
20,3
20,2
20,1
4294967278,273
4294967279,132
4294967279,131
4294967279,130
4294967279,129
4294967279,128
4294967279,127
4294967279,126
4294967279,125
4294967279,124
4294967279,123
4294967279,122
4294967279,121
4294967279,120
4294967279,119
4294967279,118
4294967279,117
4294967279,116
4294967279,115
4294967279,114
4294967279,113
4294967279,112
4294967294,203
4294967278,304
4294967278,303
4294967278,302
4294967278,153
4294967294,37
4294967294,598
4294967294,29
4294967294,220
4294967279,301
4294967278,152
4294967278,301
4294967278,151
4294967278,150
4294967279,147
4294967278,149
19,6
4294967279,149
19,5
4294967278,148
19,4
4294967279,148
19,2
19,1
4294967279,309
4294967278,147
4294967279,308
4294967279,295
4294967279,294
4294967294,97
4294967294,388
4294967294,40
4294967278,18
4294967278,17
4294967278,16
4294967278,15
4294967278,14
4294967278,13
4294967278,12
4294967278,11
4294967278,10
4294967278,9
4294967278,8
4294967278,7
4294967278,6
4294967278,5
4294967278,4
4294967279,307
4294967279,260
4294967279,0
4294967278,299
4294967279,293
4294967294,183
4294967294,61
4294967294,14
4294967294,20
4294967294,104
4294967294,106
4294967294,166
4294967294,24
4294967294,168
4294967294,206
4294967294,13
4294967294,42
4294967294,120
4294967294,599
4294967278,38
4294967278,37
4294967278,36
4294967278,35
4294967278,34
4294967278,33
4294967278,32
4294967278,31
4294967278,30
4294967278,29
4294967278,284
4294967278,28
4294967278,298
4294967278,27
4294967278,26
4294967278,137
4294967278,25
4294967278,24
4294967278,23
4294967278,290
4294967278,22
4294967278,21
4294967278,20
4294967278,19
4294967279,37
4294967279,35
4294967279,34
4294967279,33
4294967279,31
4294967279,30
4294967279,29
4294967279,27
4294967279,278
4294967279,25
4294967279,24
4294967279,276
4294967279,23
4294967279,22
4294967279,21
4294967279,288
4294967279,19
4294967279,16
4294967279,15
4294967279,287
4294967279,14
4294967279,12
4294967279,10
4294967294,469
4294967294,468
4294967294,467
4294967294,264
4294967294,466
4294967294,263
4294967294,262
4294967294,261
4294967294,465
4294967294,260
4294967294,259
4294967294,258
4294967294,257
4294967294,464
4294967294,256
4294967294,219
4294967294,218
4294967294,463
4294967294,216
4294967294,215
4294967294,462
4294967294,214
4294967294,212
4294967294,461
4294967294,211
4294967294,210
4294967294,460
4294967294,459
4294967294,458
4294967294,201
4294967294,457
4294967294,456
4294967294,455
4294967294,454
4294967294,453
4294967294,451
4294967294,450
4294967294,449
4294967294,448
4294967294,418
4294967294,416
4294967294,414
4294967294,412
4294967294,410
4294967294,408
4294967294,405
4294967294,404
4294967294,402
4294967294,400
4294967294,397
4294967294,391
4294967294,386
4294967294,191
4294967294,438
4294967294,189
4294967294,185
4294967294,184
4294967294,182
4294967294,180
4294967294,176
4294967294,175
4294967294,173
4294967294,422
4294967294,169
4294967294,164
4294967294,163
4294967294,160
4294967294,119
4294967294,118
4294967294,116
4294967294,113
4294967294,162
4294967294,39
4294967294,112
4294967294,401
4294967294,127
4294967294,111
4294967294,110
4294967294,109
4294967294,126
4294967294,18
4294967294,108
4294967294,399
4294967294,419
4294967294,12
4294967294,1153
4294967294,186
4294967294,252
4294967294,207
4294967294,43
4294967294,221
4294967294,254
4294967294,44
4294967294,430
4294967294,45
4294967294,393
4294967294,53
4294967294,441
4294967294,417
4294967294,82
4294967279,292
4294967294,0
4294967294,107
4294967294,81
4294967294,92
